37.5046 12.9025 -3.3882 0.00412375 1.31965 
37.5974 12.9197 -3.21514 0.098743 1.41419 
37.7046 12.9356 -3.05031 0.163391 1.49275 
37.8003 12.7516 -3.13209 0.044556 1.35823 
37.9051 12.7649 -2.85877 -0.0242493 1.38201 
38.0017 12.8508 -2.82265 0.00214117 1.31577 
38.1059 12.8428 -2.84873 0.0124666 1.14743 
38.2163 12.8634 -2.67487 0.034562 1.08681 
38.3136 12.8324 -2.38478 0.0211991 1.19303 
38.3781 12.7745 -2.28376 -0.0354157 1.24643 
38.5192 12.7521 -2.15621 -0.0867349 1.28295 
38.5778 12.8282 -1.85793 -0.0517763 1.44232 
38.7067 12.7413 -1.77836 -0.0947484 1.49259 
38.8023 12.7425 -1.60652 -0.113742 1.54283 
38.9202 12.7202 -1.52784 -0.134587 1.51449 
39.0116 12.8189 -1.42568 -0.0581845 1.45693 
39.1113 12.8172 -1.25377 -0.00599506 1.44105 
39.2088 12.7399 -1.12928 -0.0339682 1.41521 
39.3087 12.7237 -1.01847 -0.0621592 1.3741 
39.4069 12.7765 -0.855883 -0.0329682 1.36793 
39.4778 12.822 -0.718169 0.0247863 1.36472 
39.6147 12.787 -0.490123 0.0317658 1.43592 
39.6775 12.7657 -0.373733 0.0166588 1.45973 
39.817 12.7929 -0.252982 0.0274197 1.45479 
39.914 12.8071 -0.0234761 0.0434168 1.51885 
39.9768 12.8064 0.039876 0.0496636 1.48902 
40.1208 12.8367 0.150374 0.0739079 1.43921 
40.1772 12.8547 0.335223 0.0979267 1.44007 
40.3128 12.8598 0.392306 0.109567 1.37108 
40.3784 12.8062 0.522941 0.0653687 1.32175 
40.5124 12.837 0.721054 0.0564472 1.34293 
40.6121 12.8186 0.803979 0.0315024 1.31539 
40.7114 12.829 0.966514 0.0213808 1.32256 
40.8188 12.7782 1.19651 -0.027463 1.40534 
40.9123 12.8252 1.23032 -0.018968 1.37294 
41.0117 12.7436 1.28125 -0.0773031 1.28312 
41.1115 12.7506 1.46744 -0.1028 1.27193 
41.1773 12.8088 1.69932 -0.0643927 1.34852 
41.319 12.7308 1.95656 -0.0970394 1.49545 
41.4118 12.6832 1.94233 -0.148235 1.45846 
41.5148 12.6477 2.15799 -0.197528 1.49064 
41.615 12.7027 2.37091 -0.16929 1.56232 
41.6769 12.6786 2.50883 -0.156952 1.59354 
41.8159 12.6528 2.6851 -0.157164 1.62706 
41.8787 12.73 2.757 -0.0829109 1.57587 
42.0187 12.6921 2.87107 -0.0591193 1.5083 
42.0787 12.7098 2.96096 -0.0249747 1.41629 
42.219 12.7563 3.14329 0.0360241 1.38997 
42.3116 12.6381 3.33224 -0.0223148 1.41309 
42.4115 12.6743 3.35695 -0.0289465 1.33461 
42.5133 12.6653 3.50548 -0.0380734 1.29643 
42.6135 12.6237 3.75757 -0.0740978 1.36996 
42.6778 12.6768 3.80552 -0.0487993 1.34578 
42.8189 12.5942 3.99256 -0.0947718 1.37227 
42.8773 12.6265 4.11943 -0.0907611 1.38094 
43.0197 12.598 4.27265 -0.103712 1.39859 
43.0771 12.6742 4.36485 -0.0427647 1.37176 
43.2089 12.6389 4.5474 -0.0286213 1.39088 
43.2971 12.6209 4.76344 -0.0316734 1.46469 
43.4041 12.6602 4.91174 0.000398245 1.51339 
43.5007 12.6697 5.09735 0.0285048 1.57197 
43.6013 12.6804 5.23166 0.0527706 1.59115 
43.7014 12.5813 5.25889 -0.0152728 1.49793 
43.8004 12.6569 5.45915 0.00291453 1.47863 
43.8965 12.6084 5.5948 -0.0245093 1.45651 
44.0082 12.595 5.79811 -0.0507718 1.48848 
44.0786 12.4961 5.91087 -0.142655 1.48008 
44.2185 12.5415 6.06087 -0.153751 1.47629 
44.2756 12.6939 6.11757 -0.026571 1.40112 
44.4123 12.5407 6.17829 -0.0656346 1.2895 
44.5067 12.6209 6.31107 -0.021226 1.22113 
44.6171 12.6225 6.4769 0.0101701 1.21234 
44.712 12.6742 6.7296 0.0708233 1.31189 
44.8125 12.4827 6.87785 -0.0492806 1.38925 
44.9066 12.6376 7.00393 0.00173019 1.42849 
45.0072 12.5169 7.1262 -0.0623036 1.43714 
45.1074 12.478 7.28012 -0.12938 1.45084 
45.1776 12.5332 7.31117 -0.117807 1.36837 
45.2992 12.4852 7.51999 -0.139417 1.37319 
45.4069 12.5032 7.63261 -0.12766 1.35651 
45.5027 12.5722 7.78621 -0.0547109 1.36019 
45.5771 12.4421 7.85457 -0.107785 1.30843 
45.713 12.4834 7.87505 -0.100035 1.187 
45.7777 12.4628 8.25443 -0.103589 1.31784 
45.9119 12.4332 8.18578 -0.121226 1.24122 
46.0067 12.4306 8.34363 -0.124925 1.21917 
46.0763 12.422 8.35134 -0.124137 1.11369 
46.2174 12.4501 8.46185 -0.0912859 1.0455 
46.2788 12.4709 8.55031 -0.0462774 0.988986 
46.4098 12.5316 8.62244 0.034764 0.931401 
46.5095 12.6149 8.67657 0.150542 0.86334 
46.6132 12.5374 8.81736 0.150542 0.86334 
