4.00874 9.88892 -4.98622 1.75504e-316 0 
4.07915 9.91234 -5.05079 -0.11163 0.584413 
4.21044 9.91561 -5.07125 -0.107973 0.568233 
4.30063 9.94501 -4.79236 -0.0919728 0.602146 
4.40741 9.85031 -4.65297 -0.110226 0.67817 
4.5001 9.90007 -4.41519 -0.0916395 0.859705 
4.60835 9.91217 -4.26329 -0.0597564 1.06615 
4.69716 9.93809 -4.16822 -0.00969394 1.21321 
4.80845 9.9449 -4.03301 0.0312147 1.32587 
4.87996 9.91631 -3.87759 0.031149 1.41802 
5.01109 9.94048 -3.75267 0.0485289 1.46221 
5.07981 9.9849 -3.61779 0.0917098 1.48066 
5.20798 9.99078 -3.5002 0.11621 1.46769 
5.3046 9.93692 -3.41083 0.0792447 1.41349 
5.4075 9.90637 -3.286 0.0250107 1.36582 
5.50046 9.95448 -3.13382 0.0267509 1.34782 
5.60473 9.89132 -2.98376 -0.0246697 1.34849 
5.71815 9.86403 -2.85493 -0.0774326 1.34411 
5.77987 9.95194 -2.7198 -0.0348033 1.34188 
5.9143 9.95083 -2.59126 -0.00559448 1.33593 
5.98133 9.95217 -2.48234 0.014628 1.31239 
6.12281 9.93882 -2.35507 0.0157261 1.29414 
6.21201 9.96004 -2.1922 0.0321508 1.30923 
6.28108 9.92783 -2.09313 0.0143146 1.2934 
6.40961 10.0238 -1.9698 0.0785251 1.27846 
6.47871 10.0048 -1.79187 0.0981101 1.30897 
6.6111 10.0245 -1.64346 0.118594 1.3425 
6.67932 9.97581 -1.5011 0.083259 1.37046 
6.81172 9.92583 -1.36314 0.0140016 1.38907 
6.90063 9.93216 -1.21262 -0.0263773 1.41028 
6.98041 9.91806 -1.06967 -0.0613911 1.42538 
7.11169 9.90038 -1.00341 -0.0930328 1.37403 
7.20064 9.9194 -0.8398 -0.0906264 1.36213 
7.30058 9.90747 -0.700995 -0.0913775 1.35659 
7.4047 9.96067 -0.496788 -0.0419905 1.40788 
7.50485 9.96543 -0.352101 -0.0032089 1.44383 
7.58066 9.92694 -0.259488 -0.00893104 1.42542 
7.71309 9.90023 -0.100458 -0.0332426 1.42683 
7.79717 9.95174 -0.0840063 -0.00493159 1.32674 
7.90872 9.89613 0.136951 -0.0309089 1.33331 
8.00518 9.92249 0.256179 -0.023977 1.32624 
8.10084 9.97921 0.389993 0.0277549 1.32266 
8.20505 9.95695 0.525751 0.0408374 1.32317 
8.30466 9.91998 0.580238 0.0163656 1.26123 
8.40504 9.91196 0.760099 -0.00702342 1.26457 
8.50476 10.0217 0.909401 0.0663411 1.28499 
8.60452 10.0477 1.02657 0.12884 1.28899 
8.70428 10.0263 1.14055 0.141397 1.27962 
8.80457 10.213 1.16754 0.287471 1.19285 
8.90123 9.95643 1.38068 0.152697 1.2124 
9.00381 9.93889 1.62188 0.0401993 1.32087 
9.07978 9.93809 1.66722 -0.0356561 1.3209 
9.22363 9.92609 1.82844 -0.0909542 1.34422 
9.28102 9.94016 1.94905 -0.107814 1.3481 
9.41923 9.978 2.07641 -0.0797057 1.34462 
9.51162 9.91571 2.28435 -0.10517 1.40118 
9.61162 9.87366 2.52405 -0.146696 1.51704 
9.70477 9.99416 2.43821 -0.0651345 1.40115 
9.80405 9.9464 2.65833 -0.0459348 1.39099 
9.90464 10.0316 2.67436 0.0381911 1.28603 
10.0092 9.90763 3.04892 -0.0102004 1.41562 
10.1038 9.8871 3.14129 -0.0567757 1.4592 
10.1793 9.76925 3.32473 -0.176325 1.51711 
10.3036 9.75983 3.4557 -0.246265 1.53759 
10.405 9.82318 3.60454 -0.220649 1.54675 
10.5006 9.91884 3.66029 -0.110071 1.47348 
10.6079 9.87274 3.91006 -0.0673774 1.50852 
10.7001 9.86049 4.01954 -0.0444656 1.49785 
10.8042 9.87781 4.18261 -0.012386 1.50165 
10.9042 9.86223 4.30695 -0.00332522 1.48343 
11.0041 9.97319 4.47596 0.0915023 1.48829 
11.1046 9.83267 4.56952 0.0324588 1.4472 
11.204 9.79301 4.63648 -0.0396511 1.35868 
11.3164 9.91974 4.77857 0.01875 1.30701 
11.4132 9.91276 4.88698 0.0490413 1.25611 
11.5152 9.92905 5.10021 0.0775354 1.29363 
11.6135 9.90927 5.18517 0.0737469 1.28211 
11.68 9.9431 5.34551 0.0924879 1.30045 
11.8081 9.94851 5.507 0.10141 1.33735 
11.904 9.96015 5.60783 0.10832 1.33463 
12.0047 9.91121 5.71247 0.064927 1.30983 
12.1038 9.90313 5.83974 0.0254921 1.29099 
12.2038 9.91724 6.01134 0.00950356 1.31294 
12.3038 10.0093 6.25039 0.0721312 1.41318 
12.3792 10.0357 6.38829 0.127583 1.47461 
12.5079 10.0205 6.50288 0.140738 1.48763 
12.604 10.0554 6.6445 0.165817 1.49024 
12.7053 10.0622 6.81266 0.174039 1.50722 
12.7799 10.0472 6.91515 0.153336 1.47951 
12.9127 9.96495 7.05192 0.0620409 1.45282 
12.9928 10.0319 7.22493 0.0522271 1.45793 
13.1076 9.98369 7.31074 0.00318012 1.41321 
13.2042 9.9006 7.41998 -0.0949362 1.35893 
13.3042 9.90368 7.5506 -0.147668 1.31996 
13.4041 9.89868 7.7826 -0.1736 1.37503 
13.5044 9.90999 7.93043 -0.167266 1.41854 
13.6051 9.98383 8.02437 -0.0907562 1.40805 
13.7046 9.93711 8.19255 -0.071906 1.42324 
13.8146 9.81009 8.17769 -0.155703 1.30721 
13.915 9.78604 8.20067 -0.216121 1.14676 
14.015 9.77827 8.31767 -0.24371 1.04593 
14.0811 9.76898 8.42586 -0.249304 0.984279 
14.2214 9.80458 8.50757 -0.204461 0.931445 
14.2801 9.87569 8.55957 -0.102521 0.86472 
14.4191 9.91205 8.64477 1.74778e-05 0.820995 
14.5171 9.83003 8.76185 1.74778e-05 0.820995 
